"","nar_1","nar_2","nar_3","nar_4","nar1_end","nar2_end","nar3_end","nar4_end","Nar_5correct","nar_6correct","nar_7correct","nar_8correct","nar5_end","nar6_end","nar7_end","nar8_end"
"nar_1",1,0.48,0.47,0.37,0.59,0.22,0.24,0.22,0.36,0.38,0.41,0.35,0.05,0.24,0.23,0.15
"nar_2",0.48,1,0.51,0.42,0.36,0.62,0.34,0.3,0.18,0.2,0.23,0.25,-0.09,0.04,0.11,0.08
"nar_3",0.47,0.51,1,0.47,0.25,0.31,0.65,0.29,0.35,0.33,0.32,0.35,0.09,0.2,0.18,0.17
"nar_4",0.37,0.42,0.47,1,0.18,0.22,0.28,0.56,0.26,0.31,0.33,0.31,0.08,0.17,0.2,0.16
"nar1_end",0.59,0.36,0.25,0.18,1,0.35,0.38,0.29,0.03,0.1,0.21,0.11,-0.11,0.14,0.16,0.07
"nar2_end",0.22,0.62,0.31,0.22,0.35,1,0.44,0.34,-0.14,-0.11,-0.01,-0.02,-0.31,-0.11,0.01,-0.02
"nar3_end",0.24,0.34,0.65,0.28,0.38,0.44,1,0.34,0.09,0.11,0.18,0.11,-0.1,0.06,0.14,0.07
"nar4_end",0.22,0.3,0.29,0.56,0.29,0.34,0.34,1,0.06,0.11,0.16,0.08,-0.03,0.12,0.13,0.09
"Nar_5correct",0.36,0.18,0.35,0.26,0.03,-0.14,0.09,0.06,1,0.62,0.49,0.56,0.65,0.46,0.33,0.38
"nar_6correct",0.38,0.2,0.33,0.31,0.1,-0.11,0.11,0.11,0.62,1,0.53,0.6,0.47,0.69,0.34,0.41
"nar_7correct",0.41,0.23,0.32,0.33,0.21,-0.01,0.18,0.16,0.49,0.53,1,0.5,0.3,0.42,0.65,0.28
"nar_8correct",0.35,0.25,0.35,0.31,0.11,-0.02,0.11,0.08,0.56,0.6,0.5,1,0.37,0.43,0.34,0.65
"nar5_end",0.05,-0.09,0.09,0.08,-0.11,-0.31,-0.1,-0.03,0.65,0.47,0.3,0.37,1,0.48,0.34,0.42
"nar6_end",0.24,0.04,0.2,0.17,0.14,-0.11,0.06,0.12,0.46,0.69,0.42,0.43,0.48,1,0.41,0.4
"nar7_end",0.23,0.11,0.18,0.2,0.16,0.01,0.14,0.13,0.33,0.34,0.65,0.34,0.34,0.41,1,0.33
"nar8_end",0.15,0.08,0.17,0.16,0.07,-0.02,0.07,0.09,0.38,0.41,0.28,0.65,0.42,0.4,0.33,1
